484 132 252 165 389 204 160 127 364 480 435 177 236 392 322 401 60 339 176 46 78 67 96 166 45 424 418 135 190 199 259 465 76 210 158 23 380 108 115 5 468 142 200 367 359 206 333 458 211 100 
21 276 67 307 345 309 253 291 89 389 87 358 235 255 472 164 285 168 404 393 195 298 117 413 466 116 443 192 113 
240 148 205 180 29 11 71 317 348 375 175 210 341 192 475 227 332 368 250 13 303 446 319 131 6 63 76 139 458 172 75 435 423 307 108 389 485 51 20 454 494 42 80 490 390 409 313 15 233 469 
494 287 457 327 20 151 295 58 485 173 178 191 26 80 313 41 452 38 324 301 141 257 293 471 30 397 176 152 209 335 288 208 222 86 213 139 336 256 322 369 195 54 113 88 1 329 338 
301 368 267 491 142 433 26 218 38 360 443 94 195 139 380 289 263 319 121 157 470 278 445 161 309 465 18 108 391 414 456 448 
162 92 428 127 97 319 186 370 367 48 352 3 38 338 77 156 470 418 39 222 429 260 452 90 2 322 325 246 196 12 403 124 51 384 207 23 108 1 426 75 
198 485 25 325 365 274 315 187 465 55 411 385 205 37 74 218 250 84 168 326 459 402 152 1 383 368 230 117 141 
233 466 375 395 438 464 2 3 248 404 165 376 316 312 433 216 195 480 143 471 199 98 45 53 417 394 465 185 493 335 
20 78 156 76 470 116 478 374 45 222 40 418 186 332 121 184 178 106 72 234 239 168 216 385 169 338 260 382 232 
319 156 213 93 353 461 285 304 70 144 430 438 355 207 470 302 369 278 368 342 332 90 176 296 159 118 89 498 115 279 412 241 305 227 168 271 423 204 493 74 187 
431 89 388 225 71 233 136 209 347 27 143 141 386 160 296 450 144 453 185 228 22 290 302 125 200 237 368 350 155 52 58 12 202 403 147 247 195 379 410 
213 321 471 76 362 428 310 448 10 262 292 422 414 178 444 119 443 120 381 417 297 40 275 31 400 
334 133 59 382 296 212 247 435 1 361 350 249 431 429 40 33 477 321 246 363 270 389 148 39 191 152 213 427 290 369 250 88 98 488 36 419 333 107 298 170 482 155 251 203 244 221 305 51 460 312 
18 424 86 52 227 458 250 103 115 160 238 66 85 99 125 36 306 490 496 322 49 154 60 124 264 110 56 231 122 368 298 374 58 272 79 283 37 474 358 78 408 473 397 
288 103 163 100 182 18 499 472 30 392 98 430 266 41 412 275 361 343 320 398 480 318 356 216 44 465 236 349 423 262 83 374 
252 16 12 145 477 116 56 276 11 357 196 488 174 336 478 385 497 362 69 221 279 302 22 33 318 144 424 361 199 127 460 235 134 271 185 
356 473 130 35 67 343 226 274 350 413 341 446 108 496 439 19 208 327 407 22 69 30 138 284 56 388 364 321 
168 28 227 74 37 19 491 470 111 152 305 324 406 75 154 468 334 482 144 173 496 465 458 383 281 498 213 399 55 254 391 457 38 
174 455 318 337 342 25 72 147 387 31 76 383 475 150 108 372 250 3 466 168 433 99 421 204 90 248 483 367 157 281 42 208 238 70 329 146 215 259 98 240 
377 304 25 263 190 157 182 258 412 84 175 314 419 380 61 80 143 283 445 359 201 75 455 310 307 240 194 220 108 410 87 432 111 265 200 331 147 28 269 272 267 88 170 317 
408 51 59 382 91 261 389 259 128 217 357 475 324 446 424 282 126 219 4 442 346 410 278 88 493 404 488 387 397 441 264 388 142 119 
352 209 444 414 229 5 465 268 79 270 210 211 333 52 433 85 126 119 443 136 458 47 226 1 277 448 191 169 494 447 250 303 485 
61 32 13 278 169 442 344 106 51 449 58 73 29 388 228 125 188 453 494 128 98 230 135 403 329 422 
182 20 499 385 214 305 139 443 172 57 348 132 428 236 429 166 356 460 283 327 273 342 319 377 180 317 177 126 251 337 315 484 25 80 218 147 150 483 198 
458 158 282 133 337 438 11 50 424 492 291 173 113 393 442 388 296 420 69 65 290 254 100 342 230 434 195 396 66 425 127 111 74 456 40 102 245 227 265 
236 321 211 229 213 467 359 233 215 395 144 108 420 65 460 47 390 106 54 262 129 347 48 178 302 421 305 407 105 84 218 
487 236 262 442 280 28 197 7 101 499 69 255 245 172 63 186 58 249 408 118 129 159 298 227 387 332 433 61 413 403 153 415 83 251 
211 466 121 229 437 63 112 54 322 317 474 333 344 330 143 367 296 373 418 240 426 462 25 130 305 
494 464 247 171 45 102 263 296 165 345 121 34 446 37 25 35 340 455 242 220 339 312 338 180 341 225 77 454 83 144 281 489 118 188 272 38 153 265 453 472 280 76 81 366 23 24 
477 280 395 127 496 200 267 74 37 196 135 197 257 287 261 434 56 91 123 95 401 328 424 221 430 49 390 220 249 47 303 137 84 24 2 333 345 405 171 128 83 450 46 
229 60 143 366 329 309 11 365 393 202 493 307 5 95 141 280 437 475 76 175 331 363 314 164 57 94 213 245 364 34 450 266 478 435 434 279 198 
378 7 287 27 468 293 465 433 146 236 350 462 259 408 411 21 210 26 116 363 151 367 339 73 412 126 388 130 39 37 330 191 430 47 256 213 425 271 265 81 275 102 229 400 457 288 103 50 
473 454 140 227 1 55 37 451 161 413 408 309 73 182 205 410 144 366 62 406 125 329 254 308 285 221 316 158 190 422 404 445 114 492 378 291 255 192 24 84 418 330 121 
85 90 119 121 402 412 350 279 255 31 167 147 226 327 497 99 323 65 109 451 113 415 241 75 258 303 150 191 384 223 52 244 133 248 57 401 478 277 394 5 
238 248 4 440 351 340 132 126 45 212 217 3 160 472 462 50 41 24 192 493 104 264 471 97 242 362 247 306 159 260 495 173 112 433 288 
246 219 346 198 9 112 177 356 178 273 161 181 422 431 159 232 151 
350 126 418 456 498 299 178 396 453 395 357 4 439 247 476 248 442 191 272 320 57 384 481 314 202 437 351 354 37 116 225 433 268 489 301 286 47 128 338 197 142 270 209 50 69 168 143 431 
220 251 94 191 217 155 
342 142 231 284 219 117 336 366 318 399 257 168 212 330 4 163 152 26 201 392 160 337 216 157 416 484 
498 392 311 381 99 91 401 432 305 129 437 307 17 461 37 375 198 464 428 360 121 15 438 207 16 397 348 93 
365 361 467 178 362 418 389 475 456 
13 484 115 149 63 473 248 59 250 85 460 79 231 254 427 154 43 374 37 480 136 333 192 183 353 145 468 75 360 442 300 28 465 57 319 389 
106 88 117 91 265 60 311 358 162 135 7 85 260 50 23 274 221 342 165 256 136 185 31 167 139 339 15 153 335 3 324 217 84 238 257 313 
84 108 37 224 64 28 152 223 495 435 45 306 172 491 291 388 352 443 196 422 454 95 247 197 298 192 235 486 154 2 324 124 121 489 
343 325 147 205 436 185 373 234 120 18 92 69 427 74 164 11 406 117 
160 325 105 78 349 355 30 334 
8 176 309 346 493 103 179 326 38 175 96 98 269 391 456 214 366 364 133 31 146 223 107 238 155 327 208 354 341 281 494 122 132 318 50 294 0 443 365 91 313 34 272 198 45 85 490 225 24 463 
295 160 161 400 131 374 46 159 406 
178 297 209 366 446 140 16 310 93 189 369 371 298 395 363 421 80 302 247 122 186 36 32 
450 173 29 432 222 238 365 246 436 283 445 206 418 185 323 0 7 277 479 255 13 410 102 401 145 84 494 466 57 90 346 485 47 384 439 97 291 25 267 
346 439 98 133 45 461 435 207 375 78 429 97 175 305 24 303 118 83 152 69 233 20 379 275 177 170 323 
238 139 256 163 136 474 137 331 458 119 172 498 287 499 258 212 303 46 145 26 292 5 78 386 161 311 208 225 160 
298 8 321 158 131 223 496 132 86 301 425 156 129 244 184 414 336 202 147 163 135 119 78 443 383 241 287 35 74 372 198 350 
362 303 431 486 452 253 393 
442 396 137 197 498 419 375 395 33 55 78 93 471 118 90 312 
10 2 188 499 60 4 322 401 115 219 75 299 74 112 175 119 7 215 82 232 110 478 437 347 285 247 280 436 206 36 6 170 497 439 348 90 209 
474 455 182 338 435 86 416 145 138 296 54 25 388 126 87 142 166 10 330 51 
51 47 423 24 148 477 44 452 379 337 166 
437 237 291 320 196 350 117 477 3 172 481 303 20 42 329 261 
222 403 283 176 44 306 135 53 219 292 425 262 354 422 408 279 117 474 57 388 231 15 
272 289 95 493 1 158 303 152 80 185 468 487 448 238 77 107 390 274 327 75 52 443 114 154 43 204 10 250 102 135 467 19 343 70 433 296 215 218 84 260 123 224 474 106 347 
404 156 33 353 21 45 191 277 270 379 349 159 465 285 364 169 480 168 224 423 60 479 321 213 498 401 438 341 
78 96 334 399 298 74 319 217 173 386 149 351 412 339 464 296 249 368 292 205 451 57 137 110 
61 396 19 341 484 284 463 420 106 92 23 197 180 75 416 72 361 459 2 21 84 343 438 448 319 182 121 383 462 247 240 
92 119 98 303 190 485 117 68 285 372 474 205 343 327 179 33 121 438 406 249 340 130 335 204 241 91 21 424 
286 79 140 336 263 317 217 296 104 440 50 178 376 361 14 267 125 425 283 33 107 57 156 323 99 113 
107 198 235 154 163 100 351 56 104 460 385 146 210 183 331 291 349 217 466 487 65 254 486 95 353 
401 387 251 283 233 130 110 103 235 
168 208 397 187 101 243 245 322 231 435 60 248 262 180 119 165 
48 481 392 135 197 431 342 315 27 49 271 14 363 110 214 468 25 227 467 172 463 6 119 9 374 134 494 81 321 208 142 
0 92 78 224 120 
262 270 408 313 19 453 22 252 7 121 
237 246 228 222 25 395 393 425 270 56 214 498 240 499 193 107 101 356 207 94 
44 425 78 218 444 43 
299 330 213 149 433 134 436 493 208 57 162 127 268 358 
100 147 162 193 305 276 496 326 236 170 228 442 56 194 
458 139 268 432 197 317 494 161 166 498 405 83 288 53 341 380 137 73 
470 222 444 110 453 386 324 138 495 99 118 35 478 145 312 16 482 98 473 273 95 83 237 109 423 400 184 69 53 283 406 327 340 343 96 256 192 231 279 274 197 
465 197 285 377 481 307 479 148 395 300 213 161 496 18 29 157 83 266 440 260 297 254 478 249 9 302 342 74 14 145 67 303 313 3 155 55 91 
180 62 344 393 138 391 301 416 394 275 452 294 59 422 381 423 243 325 132 367 102 25 114 186 16 157 0 3 395 492 43 372 48 447 311 
464 160 378 89 196 109 456 180 159 195 324 289 338 186 169 384 78 88 182 210 
51 469 462 59 225 421 100 163 126 277 285 390 493 292 407 316 91 146 148 128 25 
331 479 240 39 428 
380 19 85 449 322 253 38 84 223 54 64 228 283 29 371 89 128 308 315 320 332 487 457 95 9 350 361 463 129 383 176 392 275 354 149 108 481 351 
261 91 445 380 241 350 263 29 284 208 251 109 
222 78 432 70 167 58 418 294 329 376 252 293 145 441 391 100 458 223 94 461 428 387 249 142 264 90 56 499 198 366 0 125 185 52 415 483 32 494 272 149 317 475 49 102 299 143 98 188 364 423 
295 160 278 373 482 46 84 198 469 94 121 483 241 170 211 448 364 89 196 437 
227 43 60 143 103 496 91 179 326 415 365 455 381 406 220 80 34 
410 210 399 382 5 434 259 180 393 190 251 317 478 147 39 245 136 33 4 119 214 170 63 51 443 104 81 336 240 109 278 350 105 415 107 496 327 74 6 174 451 431 392 32 328 279 
481 268 261 215 390 398 24 399 259 403 412 426 18 455 433 411 340 197 417 265 181 405 86 164 444 290 80 140 416 73 50 207 254 449 373 331 333 383 196 158 60 486 345 9 338 
85 9 359 138 281 58 7 160 2 52 264 347 441 97 168 268 3 141 433 393 314 487 41 293 131 135 470 181 394 192 244 362 499 53 
457 294 142 52 349 151 273 325 21 196 347 394 108 408 431 80 346 473 434 46 445 50 261 25 316 297 355 293 451 332 499 285 176 289 131 489 
153 182 77 290 193 106 303 338 393 421 176 8 70 293 116 146 201 145 188 495 135 57 9 277 322 155 133 178 209 223 161 490 159 121 264 15 465 354 391 450 
178 472 141 324 97 82 248 109 333 372 400 458 75 407 187 258 404 
362 383 174 467 293 5 217 421 199 175 119 358 459 
338 439 344 378 263 169 368 
322 274 15 164 327 195 52 455 425 239 412 109 193 
465 159 106 301 432 378 167 5 480 336 332 150 12 367 384 34 14 316 232 305 451 433 216 168 369 377 415 412 298 320 308 22 59 313 
480 169 323 75 129 89 7 31 227 8 454 401 325 82 288 223 196 240 122 232 285 109 222 
53 387 177 430 203 74 495 350 338 0 282 279 315 365 
429 7 80 12 132 85 464 438 292 208 365 5 379 154 400 68 87 259 216 200 450 181 475 340 295 257 78 
410 200 85 122 494 467 323 332 241 485 409 100 214 99 
234 121 198 230 381 18 213 427 46 335 345 272 211 5 131 436 412 463 191 336 430 247 202 2 28 171 214 84 
157 273 299 396 71 406 317 257 378 222 64 180 200 278 364 4 336 101 329 350 347 85 418 98 264 298 198 86 306 359 281 159 492 137 129 231 212 407 478 304 36 
160 114 300 351 485 260 422 309 
417 308 249 52 474 208 220 241 252 456 383 331 297 136 268 235 336 121 189 145 390 234 359 285 179 329 386 320 188 29 214 476 31 382 
338 169 237 144 173 98 116 207 167 368 310 63 24 38 455 219 123 143 204 200 306 40 404 437 141 193 217 23 54 100 
473 72 388 363 404 375 222 214 484 96 292 418 323 199 169 469 88 266 48 204 329 154 145 327 238 54 146 59 140 57 359 431 476 210 394 20 361 224 144 105 112 416 
43 338 32 453 469 419 68 191 402 396 280 177 397 407 329 1 6 486 7 415 98 353 373 449 234 53 423 142 438 420 414 136 481 446 247 409 316 383 410 235 472 303 48 470 290 29 464 476 195 
225 18 170 329 293 82 416 179 86 477 271 319 491 52 418 226 412 175 205 367 383 196 397 173 414 207 116 9 372 100 272 496 421 
396 207 59 426 336 34 475 363 277 116 361 405 101 334 79 108 329 75 200 481 154 186 175 315 383 16 450 100 144 32 442 206 214 424 233 350 201 229 143 42 225 222 94 357 416 282 180 226 392 313 
356 349 369 215 119 0 367 468 178 16 142 
219 39 271 49 37 341 213 335 419 401 289 
434 158 387 464 86 480 308 384 144 326 175 394 139 265 324 314 59 235 226 320 294 134 355 449 339 57 83 97 188 23 43 311 159 424 155 101 350 272 151 21 255 389 352 
373 11 478 482 266 3 244 191 375 160 480 263 104 181 254 299 440 240 17 83 
123 93 48 342 460 303 124 35 407 184 142 340 364 113 311 165 424 229 445 464 441 38 227 20 17 386 494 220 292 108 374 281 145 9 133 369 211 30 
91 11 147 281 464 393 238 288 199 9 268 185 387 440 371 53 418 420 370 10 297 285 303 47 124 26 194 190 52 150 234 459 191 343 222 105 495 123 
187 462 316 54 166 23 405 70 354 173 313 459 83 165 336 394 230 199 9 1 167 469 334 2 239 403 170 148 317 253 195 491 51 276 327 168 88 7 269 409 291 63 237 415 98 
145 427 127 123 407 356 46 132 226 260 192 353 280 488 31 420 20 128 216 442 406 348 289 269 457 450 286 351 1 401 297 272 96 445 300 73 232 478 434 
497 395 473 35 320 467 
105 114 93 457 150 57 24 209 392 252 155 124 101 439 218 197 217 296 419 109 435 481 83 116 388 45 204 234 153 58 225 374 309 479 74 472 338 210 442 67 96 329 476 364 
58 41 228 282 257 78 109 300 144 106 468 430 439 356 176 441 303 452 
429 237 304 258 24 418 318 377 213 144 57 170 372 74 112 401 497 268 431 428 486 168 499 95 347 55 355 73 471 79 89 
330 149 374 182 402 99 456 89 
320 37 262 415 189 464 54 430 162 137 365 163 488 140 361 330 411 397 36 65 424 325 247 161 447 116 347 71 453 94 
158 48 183 496 321 359 361 196 459 32 354 113 341 249 471 45 366 436 119 203 106 93 4 457 330 346 401 419 192 27 405 373 360 340 426 482 241 233 371 208 174 283 160 98 17 28 162 
124 343 86 377 182 325 319 138 165 109 135 61 283 422 65 346 16 341 238 456 32 473 110 131 338 487 194 36 401 277 331 233 474 468 333 288 253 125 121 320 430 231 63 255 49 54 178 100 495 294 
218 167 129 405 259 312 496 142 383 251 301 
25 277 294 387 15 447 481 218 81 234 432 124 433 326 121 351 370 393 132 106 170 185 
311 189 91 103 54 214 242 130 15 256 28 263 203 250 119 66 296 377 224 192 180 369 492 125 421 328 380 404 292 29 158 391 435 82 167 389 2 150 
178 389 235 200 414 1 375 311 423 166 468 419 288 162 391 409 398 27 441 4 134 369 497 424 226 367 239 28 57 230 278 60 23 18 471 71 406 228 330 477 
320 128 279 164 61 70 144 40 194 188 420 439 321 226 282 88 389 
448 354 435 167 310 12 296 463 187 119 429 293 2 160 290 403 90 249 115 171 133 145 74 270 462 216 215 228 373 
108 191 485 253 466 262 178 275 122 239 82 374 212 44 292 27 175 235 497 308 161 444 74 400 395 279 220 341 75 494 438 322 368 33 198 2 
201 158 181 279 77 2 93 462 175 394 49 54 111 401 369 142 408 62 20 189 346 174 424 446 162 186 227 435 330 9 319 492 406 76 122 488 51 429 348 32 234 
36 267 
125 
192 391 212 
381 245 143 
116 257 111 117 
79 21 470 138 
329 302 494 346 209 
53 68 
109 106 62 229 100 
230 323 479 125 258 
455 252 464 377 453 
18 183 366 
348 288 260 274 
66 
243 
144 10 183 23 475 
459 298 262 
184 44 470 
409 467 230 209 
433 94 
281 98 141 
375 389 71 87 
233 97 221 13 
401 
251 393 444 396 
25 370 
158 309 77 241 243 
492 336 432 
94 104 
365 459 143 
75 1 22 97 
73 
128 499 
152 499 410 125 196 
390 102 68 
46 254 358 452 
230 65 245 
272 
116 469 108 168 
466 
118 57 376 496 
217 
25 
307 
383 
328 318 22 483 
107 
369 282 288 
374 196 1 248 
391 284 367 
111 496 334 284 
254 54 
73 421 163 298 323 
464 
477 144 310 0 
38 273 
395 
416 465 368 298 
158 215 483 
421 181 
23 102 
449 
86 
243 271 358 392 
91 94 
470 151 347 476 
79 
464 
421 141 9 90 
116 349 
122 314 10 
95 
214 141 259 
467 10 
405 177 332 
429 69 451 178 
327 335 420 392 174 
118 351 415 264 384 
166 38 477 
434 247 245 169 
7 
477 230 234 
296 
220 179 
169 346 52 
480 16 344 452 114 
170 190 52 68 101 
418 401 115 441 
295 324 206 55 
3 72 16 
9 66 
216 74 359 
43 145 
303 305 221 
202 413 
18 292 136 185 
163 190 307 
22 47 5 196 185 
378 284 
53 
473 157 415 184 
491 
64 463 52 221 292 
250 289 
216 411 392 60 
133 415 
194 346 182 354 152 
375 51 
225 347 445 326 
476 
142 38 470 
346 
314 21 211 405 
368 237 4 
400 313 59 181 47 
292 385 125 65 
322 15 411 102 
475 64 374 
419 105 
110 
31 
152 432 327 
478 234 40 213 
450 82 406 364 14 
219 65 18 
266 376 40 
37 207 247 
229 
190 104 
127 289 303 418 
348 57 147 237 
281 334 495 
88 268 455 
357 376 267 
347 348 413 246 
171 5 143 338 65 
152 
92 433 281 
498 
100 259 154 97 
335 
183 469 407 303 
457 170 
339 99 368 
287 439 413 
452 
173 400 249 
377 
193 480 
69 495 
11 159 226 
294 178 
279 29 248 103 408 
141 204 402 
487 275 
422 74 
380 188 194 174 
304 141 413 263 275 
403 380 346 
341 179 23 
436 
188 224 169 11 
93 6 223 118 156 
432 323 123 
126 134 105 0 242 
174 0 314 
103 92 309 
374 400 459 227 
6 
133 478 233 277 
414 243 266 
32 319 311 281 248 
460 244 10 17 80 
312 127 
440 362 339 
400 133 300 480 434 
360 397 133 413 326 
479 88 198 487 
354 239 168 
38 
340 41 93 491 283 
70 109 294 368 222 
28 468 182 479 134 
62 78 490 18 
446 31 313 
460 
437 255 2 
423 76 399 27 
111 6 68 220 366 
162 282 128 123 53 
161 6 
22 245 357 
281 
432 119 
264 
223 266 313 
448 
255 413 88 228 
220 
452 210 32 249 
222 437 120 
295 402 226 
249 364 476 335 
439 89 301 184 435 
153 76 
145 394 
319 
109 
319 253 270 76 391 
292 164 406 
149 314 274 404 39 
31 24 178 383 
420 457 481 
184 456 180 215 286 
155 196 372 173 
459 146 
473 89 336 65 
155 346 231 
227 77 32 
493 49 187 
72 
371 353 247 419 
292 158 
263 173 
274 57 112 446 323 
214 79 
72 134 451 307 
16 409 151 98 418 
434 413 231 257 426 
293 150 19 406 
90 286 362 487 
485 
291 58 
88 452 422 205 
109 121 355 
283 234 31 
414 283 399 111 156 
465 168 
360 353 356 130 83 
353 220 186 
400 37 319 53 221 
256 67 
145 37 474 
489 360 
450 11 428 
135 
374 
260 451 215 314 
128 160 386 327 263 
473 165 
60 285 492 218 
293 421 496 
144 291 310 119 
152 183 1 280 
309 176 142 472 
21 469 441 233 
130 
335 129 325 
336 111 225 48 168 
449 454 
320 468 86 270 161 
276 97 
413 315 291 
391 315 319 
67 
83 378 
392 79 428 62 
154 
325 488 
262 35 298 280 436 
288 245 343 219 
396 30 446 145 284 
155 462 454 216 
114 140 46 124 
280 246 177 
33 214 189 414 443 
209 
308 67 486 
426 
359 158 
281 
86 101 
35 316 309 
414 367 172 405 
438 3 148 336 
95 
458 
208 465 97 394 474 
411 29 
137 
346 19 464 
394 276 461 
151 152 267 290 194 
157 345 51 119 176 
127 
350 
230 
417 117 
365 64 
409 198 417 422 
422 323 374 
341 499 24 
409 
198 51 
350 
319 327 254 326 
479 395 
315 241 
437 
208 
115 295 255 382 47 
33 474 452 493 
429 455 80 339 223 
458 32 404 169 
242 
262 373 174 378 111 
408 161 60 
142 
354 379 53 70 
53 165 
258 415 268 439 215 
89 
398 
194 
290 263 172 10 184 
221 
442 372 494 122 
23 277 302 417 
95 243 323 303 449 
243 419 269 3 
119 213 123 
194 199 279 
99 140 494 
238 432 435 407 
218 250 398 
278 387 258 
89 
402 455 438 
295 174 353 490 
186 246 
65 
267 400 241 221 
331 45 451 
304 63 174 
191 
360 247 467 
409 170 
133 
369 238 135 54 180 
5 483 398 
96 
371 158 416 472 84 
235 413 456 192 142 
313 136 176 226 
227 398 
239 297 
218 48 
162 458 447 155 381 
55 
61 493 475 137 370 
392 96 458 335 82 
93 479 340 261 
9 
14 463 
262 71 454 233 
